,day,All,Liquid based,Conventional,Sat,Insat_NP,Insat_P,SCC,Negative,LSIL,ASC-H,ASC-US,HPV 16,HPV 35,HPV 31,HPV 18,Positivecytology,Negativecytology,Positivehystology,Not prescribed,Negativehystology,Liquid basedSat,Liquid basedInsat_NP,Liquid basedInsat_P,Liquid basedPositivecytology,Liquid basedNegativecytology,Liquid basedPositivehystology,Liquid basedNot prescribed,Liquid basedNegativehystology,ConventionalSat,ConventionalInsat_NP,ConventionalInsat_P,ConventionalPositivecytology,ConventionalNegativecytology,ConventionalPositivehystology,ConventionalNot prescribed,ConventionalNegativehystology
0,2021-12-24,55,23,32,36,8,11,6,24,10,10,5,12,15,16,12,38,17,33,17,5.0,15,2,6,18,5,14,5,4.0,21,6,5,20,12,19,12,1.0
1,2021-12-25,57,27,30,34,8,15,7,33,4,7,6,17,15,11,14,46,11,44,11,2.0,13,4,10,20,7,19,7,1.0,21,4,5,26,4,25,4,1.0
2,2021-12-27,57,25,32,39,10,8,14,21,6,12,4,13,16,13,15,44,13,41,13,3.0,15,7,3,18,7,18,7,0.0,24,3,5,26,6,23,6,3.0
3,2021-12-28,58,31,27,39,6,13,8,27,10,6,7,16,15,12,15,45,13,38,13,7.0,21,2,8,23,8,22,8,1.0,18,4,5,22,5,16,5,6.0
4,2021-12-29,54,26,28,34,9,11,2,30,9,5,8,16,14,12,12,42,12,37,12,5.0,15,4,7,22,4,18,4,4.0,19,5,4,20,8,19,8,1.0
5,2021-12-30,58,24,34,35,7,16,7,21,12,6,12,12,12,16,18,49,9,49,9,,15,2,7,20,4,20,4,,20,5,9,29,5,29,5,
6,2021-12-31,54,20,34,35,8,11,9,31,3,6,5,12,12,16,14,44,10,40,10,4.0,13,4,3,16,4,13,4,3.0,22,4,8,28,6,27,6,1.0
7,2022-01-01,87,34,53,59,9,19,11,38,8,16,14,16,34,23,14,67,20,60,20,7.0,25,5,4,26,8,22,8,4.0,34,4,15,41,12,38,12,3.0
8,2022-01-03,83,32,51,51,8,24,13,33,9,15,13,17,20,23,23,65,18,60,18,5.0,19,3,10,25,7,21,7,4.0,32,5,14,40,11,39,11,1.0
9,2022-01-04,85,36,49,52,10,23,12,39,15,10,9,17,25,20,23,67,18,63,18,4.0,23,4,9,31,5,29,5,2.0,29,6,14,36,13,34,13,2.0
10,2022-01-05,83,34,49,59,8,16,7,38,15,11,12,16,27,14,26,70,13,66,13,4.0,22,5,7,28,6,26,6,2.0,37,3,9,42,7,40,7,2.0
11,2022-01-06,80,36,44,53,13,14,10,47,9,2,12,19,15,23,23,60,20,56,20,4.0,25,5,6,25,11,22,11,3.0,28,8,8,35,9,34,9,1.0
12,2022-01-07,85,32,53,55,6,24,12,36,13,15,9,23,30,17,15,67,18,64,18,3.0,19,1,12,26,6,24,6,2.0,36,5,12,41,12,40,12,1.0
13,2022-01-08,85,32,53,55,9,21,7,42,13,10,13,20,23,14,28,70,15,61,15,9.0,23,2,7,26,6,21,6,5.0,32,7,14,44,9,40,9,4.0
14,2022-01-10,80,33,47,51,8,21,8,43,10,9,10,21,22,17,20,66,14,60,14,6.0,21,3,9,27,6,25,6,2.0,30,5,12,39,8,35,8,4.0
15,2022-01-11,86,29,57,57,16,13,3,33,16,16,18,26,20,20,20,67,19,64,19,3.0,21,3,5,24,5,23,5,1.0,36,13,8,43,14,41,14,2.0
16,2022-01-12,87,39,48,57,10,20,11,46,11,9,10,21,17,27,22,68,19,62,19,6.0,25,6,8,30,9,28,9,2.0,32,4,12,38,10,34,10,4.0
17,2022-01-13,84,32,52,56,9,19,12,35,6,17,14,22,16,24,22,66,18,63,18,3.0,20,4,8,29,3,29,3,0.0,36,5,11,37,15,34,15,3.0
18,2022-01-14,83,30,53,55,9,19,8,42,12,5,16,20,21,25,17,67,16,64,16,3.0,21,2,7,24,6,22,6,2.0,34,7,12,43,10,42,10,1.0
19,2022-01-15,84,34,50,57,13,14,15,39,9,12,9,23,16,26,19,70,14,63,14,7.0,25,6,3,31,3,29,3,2.0,32,7,11,39,11,34,11,5.0
20,2022-01-17,82,29,53,50,12,20,8,40,10,12,12,22,21,17,22,61,21,57,21,4.0,17,6,6,24,5,22,5,2.0,33,6,14,37,16,35,16,2.0
21,2022-01-18,88,35,53,49,7,32,13,43,8,12,12,25,23,20,20,69,19,63,19,6.0,14,2,19,27,8,24,8,3.0,35,5,13,42,11,39,11,3.0
22,2022-01-19,81,43,38,53,6,22,4,36,19,12,10,16,19,23,23,63,18,58,18,5.0,30,3,10,34,9,32,9,2.0,23,3,12,29,9,26,9,3.0
23,2022-01-20,82,29,53,55,13,14,13,50,5,7,7,13,25,22,22,69,13,64,13,5.0,19,3,7,21,8,20,8,1.0,36,10,7,48,5,44,5,4.0
24,2022-01-21,84,37,47,56,9,19,12,36,8,18,10,17,24,26,17,68,16,63,16,5.0,26,3,8,33,4,31,4,2.0,30,6,11,35,12,32,12,3.0
25,2022-01-22,84,31,53,53,9,22,9,41,11,12,11,22,22,19,21,67,17,65,17,2.0,22,2,7,27,4,26,4,1.0,31,7,15,40,13,39,13,1.0
26,2022-01-24,86,35,51,59,9,18,9,37,12,13,15,22,21,23,20,63,23,60,23,3.0,24,3,8,27,8,26,8,1.0,35,6,10,36,15,34,15,2.0
27,2022-01-25,84,39,45,59,7,18,10,38,10,15,11,22,19,18,25,74,10,69,10,5.0,27,4,8,34,5,32,5,2.0,32,3,10,40,5,37,5,3.0
28,2022-01-26,81,34,47,51,7,23,9,36,14,12,10,19,19,19,24,66,15,61,15,5.0,19,3,12,26,8,24,8,2.0,32,4,11,40,7,37,7,3.0
29,2022-01-27,82,38,44,57,6,19,11,39,11,11,10,17,16,29,20,67,15,61,15,6.0,28,0,10,30,8,28,8,2.0,29,6,9,37,7,33,7,4.0
30,2022-01-28,83,27,56,51,8,24,9,43,8,14,9,20,17,25,21,70,13,67,13,3.0,17,1,9,22,5,20,5,2.0,34,7,15,48,8,47,8,1.0
31,2022-01-29,86,39,47,53,8,25,11,39,17,10,9,19,25,21,21,66,20,60,20,6.0,27,5,7,30,9,27,9,3.0,26,3,18,36,11,33,11,3.0
32,2022-01-31,87,46,41,52,10,25,14,40,7,14,12,26,25,21,15,75,12,67,12,8.0,31,5,10,40,6,35,6,5.0,21,5,15,35,6,32,6,3.0
33,2022-02-01,85,35,50,50,17,18,18,35,8,9,15,15,24,22,24,71,14,66,14,5.0,19,9,7,29,6,27,6,2.0,31,8,11,42,8,39,8,3.0
34,2022-02-02,85,40,45,57,11,17,13,41,10,12,9,24,25,16,20,69,16,58,16,11.0,26,5,9,30,10,24,10,6.0,31,6,8,39,6,34,6,5.0
35,2022-02-03,83,36,47,48,8,27,8,46,17,3,9,20,27,16,20,68,15,62,15,6.0,21,3,12,29,7,28,7,1.0,27,5,15,39,8,34,8,5.0
36,2022-02-04,79,33,46,51,8,20,11,42,7,7,12,16,18,23,22,61,18,57,18,4.0,20,4,9,26,7,24,7,2.0,31,4,11,35,11,33,11,2.0
37,2022-02-05,85,32,53,53,11,21,9,40,9,16,11,24,23,18,20,64,21,60,21,4.0,20,6,6,27,5,26,5,1.0,33,5,15,37,16,34,16,3.0
38,2022-02-07,87,42,45,55,13,19,11,39,18,11,8,20,22,19,26,70,17,65,17,5.0,28,5,9,33,9,31,9,2.0,27,8,10,37,8,34,8,3.0
39,2022-02-08,86,43,43,58,11,17,9,43,16,8,10,18,22,20,26,68,18,62,18,6.0,35,3,5,34,9,33,9,1.0,23,8,12,34,9,29,9,5.0
40,2022-02-09,85,36,49,55,9,21,13,46,8,9,9,29,19,15,22,63,22,59,22,4.0,21,5,10,21,15,19,15,2.0,34,4,11,42,7,40,7,2.0
41,2022-02-10,81,41,40,53,17,11,9,46,9,10,7,21,24,23,13,67,14,65,14,2.0,28,7,6,35,6,35,6,0.0,25,10,5,32,8,30,8,2.0
42,2022-02-11,81,36,45,50,9,22,4,44,11,7,15,20,22,22,17,59,22,49,22,10.0,20,5,11,24,12,23,12,1.0,30,4,11,35,10,26,10,9.0
43,2022-02-12,82,24,58,50,8,24,13,37,12,10,10,25,17,18,22,67,15,60,15,7.0,15,2,7,19,5,18,5,1.0,35,6,17,48,10,42,10,6.0
44,2022-02-14,86,40,46,49,17,20,8,42,9,13,14,24,19,21,22,69,17,63,17,6.0,23,8,9,35,5,33,5,2.0,26,9,11,34,12,30,12,4.0
45,2022-02-15,87,39,48,62,4,21,17,38,16,8,8,20,17,31,19,70,17,65,17,5.0,27,2,10,33,6,32,6,1.0,35,2,11,37,11,33,11,4.0
46,2022-02-16,83,33,50,42,20,21,13,38,12,11,9,24,16,22,21,61,22,54,22,7.0,22,5,6,23,10,22,10,1.0,20,15,15,38,12,32,12,6.0
47,2022-02-17,81,35,46,55,6,20,14,38,14,5,10,17,33,13,18,68,13,57,13,11.0,24,2,9,29,6,25,6,4.0,31,4,11,39,7,32,7,7.0
48,2022-02-18,83,34,49,56,8,19,10,44,8,16,5,23,16,19,25,64,19,62,19,2.0,23,5,6,30,4,30,4,0.0,33,3,13,34,15,32,15,2.0
49,2022-02-19,83,31,52,60,8,15,10,42,8,11,12,15,23,22,23,68,15,61,15,7.0,22,4,5,27,4,25,4,2.0,38,4,10,41,11,36,11,5.0
50,2022-02-21,87,29,58,60,8,19,9,43,14,12,9,25,21,22,19,72,15,72,15,,22,3,4,25,4,25,4,,38,5,15,47,11,47,11,
51,2022-02-22,80,43,37,56,8,16,6,45,9,9,11,22,21,19,18,70,10,59,10,11.0,31,5,7,37,6,30,6,7.0,25,3,9,33,4,29,4,4.0
52,2022-02-23,80,35,45,51,11,18,8,42,9,12,9,21,21,19,19,63,17,57,17,6.0,20,4,11,26,9,23,9,3.0,31,7,7,37,8,34,8,3.0
53,2022-02-24,85,44,41,50,7,28,11,34,12,13,15,22,21,24,18,69,16,65,16,4.0,24,5,15,36,8,34,8,2.0,26,2,13,33,8,31,8,2.0
54,2022-02-25,85,33,52,52,8,25,13,41,10,7,14,22,21,21,21,60,25,53,25,7.0,19,4,10,22,11,20,11,2.0,33,4,15,38,14,33,14,5.0
55,2022-02-26,83,30,53,55,9,19,12,49,4,9,9,20,25,18,20,66,17,61,17,5.0,18,3,9,26,4,25,4,1.0,37,6,10,40,13,36,13,4.0
56,2022-02-28,80,38,42,57,6,17,13,36,9,11,11,21,15,20,24,66,14,62,14,4.0,27,2,9,33,5,32,5,1.0,30,4,8,33,9,30,9,3.0
57,2022-03-01,67,31,36,39,16,12,9,36,5,10,7,19,12,13,23,52,15,48,15,4.0,15,9,7,27,4,24,4,3.0,24,7,5,25,11,24,11,1.0
58,2022-03-02,72,32,40,48,6,18,12,32,9,13,6,16,20,14,22,61,11,61,11,,24,1,7,26,6,26,6,,24,5,11,35,5,35,5,
59,2022-03-03,66,32,34,45,9,12,11,27,12,8,8,21,14,16,15,58,8,53,8,5.0,24,3,5,28,4,23,4,5.0,21,6,7,30,4,30,4,0.0
60,2022-03-04,67,26,41,35,10,22,7,37,4,8,11,18,19,15,15,55,12,50,12,5.0,12,5,9,23,3,20,3,3.0,23,5,13,32,9,30,9,2.0
61,2022-03-05,68,32,36,42,10,16,9,39,10,4,6,17,19,12,20,55,13,53,13,2.0,21,4,7,22,10,21,10,1.0,21,6,9,33,3,32,3,1.0
62,2022-03-07,71,26,45,45,8,18,5,35,9,9,13,11,24,19,17,60,11,55,11,5.0,18,3,5,22,4,20,4,2.0,27,5,13,38,7,35,7,3.0
63,2022-03-08,70,28,42,48,8,14,7,33,12,13,5,19,17,18,16,57,13,52,13,5.0,18,5,5,25,3,24,3,1.0,30,3,9,32,10,28,10,4.0
64,2022-03-09,67,23,44,42,13,12,9,40,4,6,8,16,13,22,16,47,20,43,20,4.0,14,4,5,19,4,17,4,2.0,28,9,7,28,16,26,16,2.0
65,2022-03-10,67,33,34,44,6,17,10,30,9,12,6,19,20,11,17,59,8,52,8,7.0,21,3,9,29,4,26,4,3.0,23,3,8,30,4,26,4,4.0
66,2022-03-11,67,35,32,40,6,21,8,33,11,12,3,13,14,20,20,56,11,52,11,4.0,18,3,14,31,4,28,4,3.0,22,3,7,25,7,24,7,1.0
67,2022-03-12,68,34,34,44,7,17,13,34,8,7,6,21,17,15,15,53,15,52,15,1.0,22,2,10,28,6,27,6,1.0,22,5,7,25,9,25,9,0.0
68,2022-03-14,72,26,46,41,12,19,11,37,4,11,9,18,13,23,18,57,15,54,15,3.0,14,6,6,22,4,20,4,2.0,27,6,13,35,11,34,11,1.0
69,2022-03-15,70,30,40,47,7,16,2,39,4,14,11,17,20,11,22,58,12,52,12,6.0,18,4,8,23,7,20,7,3.0,29,3,8,35,5,32,5,3.0
70,2022-03-16,68,35,33,44,9,15,7,29,6,9,17,20,13,12,23,53,15,48,15,5.0,26,2,7,28,7,26,7,2.0,18,7,8,25,8,22,8,3.0
71,2022-03-17,69,24,45,42,7,20,11,36,5,11,6,17,20,22,10,54,15,48,15,6.0,15,3,6,19,5,16,5,3.0,27,4,14,35,10,32,10,3.0
72,2022-03-18,67,28,39,47,6,14,10,31,12,5,9,25,7,16,19,57,10,54,10,3.0,21,2,5,25,3,25,3,0.0,26,4,9,32,7,29,7,3.0
73,2022-03-19,72,34,38,51,5,16,10,35,5,11,11,20,19,18,15,54,18,50,18,4.0,24,2,8,27,7,25,7,2.0,27,3,8,27,11,25,11,2.0
74,2022-03-21,71,31,40,42,7,22,8,29,7,14,13,17,22,15,17,58,13,55,13,3.0,13,6,12,26,5,25,5,1.0,29,1,10,32,8,30,8,2.0
75,2022-03-22,72,33,39,35,13,24,12,32,7,12,9,14,14,20,24,60,12,52,12,8.0,13,7,13,27,6,22,6,5.0,22,6,11,33,6,30,6,3.0
76,2022-03-23,67,25,42,46,8,13,6,38,5,6,12,19,20,13,15,60,7,55,7,5.0,19,2,4,21,4,19,4,2.0,27,6,9,39,3,36,3,3.0
77,2022-03-24,71,28,43,42,12,17,8,32,15,8,8,20,21,16,14,57,14,51,14,6.0,16,4,8,24,4,24,4,0.0,26,8,9,33,10,27,10,6.0
78,2022-03-25,68,36,32,43,7,18,8,30,6,8,16,18,16,16,18,55,13,50,13,5.0,23,4,9,28,8,24,8,4.0,20,3,9,27,5,26,5,1.0
79,2022-03-26,70,35,35,40,14,16,5,31,12,12,10,21,20,15,14,59,11,57,11,2.0,18,8,9,28,7,26,7,2.0,22,6,7,31,4,31,4,0.0
80,2022-03-28,67,33,34,40,7,20,5,43,8,6,5,21,12,17,17,58,9,54,9,4.0,21,3,9,28,5,25,5,3.0,19,4,11,30,4,29,4,1.0
81,2022-03-29,67,33,34,38,10,19,3,39,7,7,11,13,18,17,19,48,19,40,19,8.0,21,6,6,22,11,18,11,4.0,17,4,13,26,8,22,8,4.0
82,2022-03-30,66,32,34,42,9,15,7,29,10,10,10,17,19,19,11,53,13,43,13,10.0,21,4,7,22,10,17,10,5.0,21,5,8,31,3,26,3,5.0
83,2022-03-31,72,33,39,51,9,12,10,37,10,7,8,18,16,19,19,58,14,53,14,5.0,25,4,4,26,7,24,7,2.0,26,5,8,32,7,29,7,3.0
84,2022-04-01,69,23,46,45,5,19,7,39,10,5,8,13,19,20,17,52,17,50,17,2.0,17,1,5,19,4,18,4,1.0,28,4,14,33,13,32,13,1.0
85,2022-04-02,72,32,40,44,6,22,6,36,8,11,11,17,15,20,20,53,19,49,19,4.0,19,1,12,24,8,22,8,2.0,25,5,10,29,11,27,11,2.0
86,2022-04-04,69,31,38,46,5,18,12,35,2,6,14,16,21,17,15,58,11,53,11,5.0,23,2,6,28,3,25,3,3.0,23,3,12,30,8,28,8,2.0
87,2022-04-05,70,28,42,41,7,22,7,34,7,12,10,18,17,19,16,54,16,47,16,7.0,17,2,9,18,10,16,10,2.0,24,5,13,36,6,31,6,5.0
88,2022-04-06,67,31,36,39,7,21,2,40,6,6,13,13,14,21,19,56,11,54,11,2.0,20,2,9,28,3,28,3,0.0,19,5,12,28,8,26,8,2.0
89,2022-04-07,72,30,42,46,11,15,11,36,10,7,8,19,24,16,13,55,17,51,17,4.0,21,4,5,20,10,18,10,2.0,25,7,10,35,7,33,7,2.0
90,2022-04-08,67,28,39,39,6,22,6,33,11,12,5,9,16,18,24,51,16,45,16,6.0,16,2,10,23,5,19,5,4.0,23,4,12,28,11,26,11,2.0
91,2022-04-09,72,26,46,46,8,18,11,29,7,13,12,10,14,23,25,58,14,57,14,1.0,17,3,6,19,7,19,7,0.0,29,5,12,39,7,38,7,1.0
92,2022-04-11,71,29,42,44,12,15,11,34,7,10,9,18,21,18,14,54,17,49,17,5.0,16,5,8,24,5,23,5,1.0,28,7,7,30,12,26,12,4.0
93,2022-04-12,68,27,41,44,9,15,2,43,6,10,7,17,23,11,17,52,16,47,16,5.0,20,3,4,21,6,21,6,0.0,24,6,11,31,10,26,10,5.0
94,2022-04-13,67,36,31,45,4,18,4,34,10,9,10,18,20,17,12,53,14,48,14,5.0,26,1,9,26,10,24,10,2.0,19,3,9,27,4,24,4,3.0
95,2022-04-14,69,29,40,39,10,20,14,38,7,9,1,17,18,17,17,57,12,55,12,2.0,15,5,9,23,6,22,6,1.0,24,5,11,34,6,33,6,1.0
96,2022-04-15,66,26,40,42,8,16,9,36,4,13,4,16,15,18,17,54,12,49,12,5.0,18,1,7,22,4,20,4,2.0,24,7,9,32,8,29,8,3.0
97,2022-04-16,70,40,30,46,10,14,5,44,6,8,7,20,16,16,18,60,10,56,10,4.0,28,4,8,32,8,31,8,1.0,18,6,6,28,2,25,2,3.0
98,2022-04-18,69,19,50,46,5,18,8,33,8,10,10,19,22,13,15,58,11,54,11,4.0,10,2,7,16,3,15,3,1.0,36,3,11,42,8,39,8,3.0
99,2022-04-19,70,33,37,52,6,12,9,24,14,10,13,21,14,20,15,54,16,48,16,6.0,24,4,5,31,2,26,2,5.0,28,2,7,23,14,22,14,1.0
100,2022-04-20,69,24,45,40,9,20,6,34,11,8,10,24,11,17,17,54,15,52,15,2.0,14,0,10,16,8,16,8,0.0,26,9,10,38,7,36,7,2.0
101,2022-04-21,66,24,42,39,8,19,8,38,9,6,5,17,19,21,9,48,18,42,18,6.0,14,3,7,20,4,17,4,3.0,25,5,12,28,14,25,14,3.0
102,2022-04-22,72,28,44,37,14,21,8,33,10,10,11,17,17,17,21,55,17,52,17,3.0,14,4,10,21,7,20,7,1.0,23,10,11,34,10,32,10,2.0
103,2022-04-23,68,34,34,41,13,14,8,40,6,5,9,14,19,20,15,55,13,50,13,5.0,21,5,8,24,10,23,10,1.0,20,8,6,31,3,27,3,4.0
104,2022-04-25,69,28,41,34,10,25,10,37,7,9,6,14,15,23,17,53,16,48,16,5.0,14,4,10,23,5,20,5,3.0,20,6,15,30,11,28,11,2.0
105,2022-04-26,71,27,44,42,9,20,7,37,10,4,13,19,20,15,17,56,15,52,15,4.0,15,5,7,22,5,21,5,1.0,27,4,13,34,10,31,10,3.0
106,2022-04-27,68,27,41,47,11,10,13,27,11,6,11,19,24,13,12,60,8,54,8,6.0,20,3,4,23,4,21,4,2.0,27,8,6,37,4,33,4,4.0
107,2022-04-28,70,38,32,45,7,18,10,32,6,6,16,16,27,14,13,52,18,49,18,3.0,25,2,11,28,10,27,10,1.0,20,5,7,24,8,22,8,2.0
108,2022-04-29,67,27,40,46,6,15,7,37,10,9,4,14,15,21,17,54,13,47,13,7.0,21,0,6,21,6,19,6,2.0,25,6,9,33,7,28,7,5.0
109,2022-04-30,69,32,37,52,6,11,11,30,10,7,11,13,16,20,20,60,9,58,9,2.0,24,1,7,28,4,28,4,0.0,28,5,4,32,5,30,5,2.0
110,2022-05-02,68,29,39,42,7,19,10,34,6,10,8,17,12,15,24,56,12,47,12,9.0,19,3,7,24,5,21,5,3.0,23,4,12,32,7,26,7,6.0
111,2022-05-03,67,31,36,44,6,17,7,34,7,13,6,17,13,17,20,53,14,48,14,5.0,17,4,10,24,7,23,7,1.0,27,2,7,29,7,25,7,4.0
112,2022-05-04,71,33,38,39,10,22,8,41,8,10,4,21,14,18,18,58,13,51,13,7.0,18,3,12,26,7,23,7,3.0,21,7,10,32,6,28,6,4.0
113,2022-05-05,73,29,44,45,9,19,4,42,6,9,12,17,18,14,24,56,17,51,17,5.0,19,2,8,24,5,20,5,4.0,26,7,11,32,12,31,12,1.0
114,2022-05-06,69,29,40,36,10,23,13,31,6,10,9,26,18,12,13,51,18,48,18,3.0,14,4,11,21,8,19,8,2.0,22,6,12,30,10,29,10,1.0
115,2022-05-07,70,29,41,38,11,21,10,36,8,11,5,16,26,12,16,51,19,49,19,2.0,14,4,11,23,6,23,6,0.0,24,7,10,28,13,26,13,2.0
116,2022-05-09,69,28,41,44,9,16,8,38,8,8,7,15,17,21,16,57,12,50,12,7.0,15,6,7,21,7,17,7,4.0,29,3,9,36,5,33,5,3.0
117,2022-05-10,72,21,51,49,7,16,12,34,9,6,11,26,13,17,16,60,12,54,12,6.0,13,3,5,19,2,18,2,1.0,36,4,11,41,10,36,10,5.0
118,2022-05-11,68,33,35,44,11,13,14,22,10,10,12,14,21,16,17,52,16,48,16,4.0,22,5,6,24,9,22,9,2.0,22,6,7,28,7,26,7,2.0
119,2022-05-12,71,32,39,50,4,17,8,36,8,12,7,18,17,20,16,55,16,49,16,6.0,25,1,6,26,6,22,6,4.0,25,3,11,29,10,27,10,2.0
120,2022-05-13,71,32,39,41,10,20,3,42,6,13,7,14,18,17,22,58,13,52,13,6.0,18,4,10,24,8,20,8,4.0,23,6,10,34,5,32,5,2.0
121,2022-05-14,66,29,37,40,5,21,7,28,9,11,11,18,15,16,17,50,16,46,16,4.0,17,3,9,25,4,23,4,2.0,23,2,12,25,12,23,12,2.0
122,2022-05-16,66,30,36,45,5,16,3,43,7,9,4,24,14,9,19,51,15,47,15,4.0,19,2,9,24,6,22,6,2.0,26,3,7,27,9,25,9,2.0
123,2022-05-17,69,36,33,37,11,21,8,35,10,9,7,20,16,16,17,53,16,47,16,6.0,19,5,12,28,8,24,8,4.0,18,6,9,25,8,23,8,2.0
124,2022-05-18,68,27,41,43,12,13,8,32,8,10,10,14,17,16,21,52,16,45,16,7.0,16,5,6,19,8,16,8,3.0,27,7,7,33,8,29,8,4.0
125,2022-05-19,67,20,47,40,8,19,14,30,10,6,7,12,14,22,19,58,9,56,9,2.0,11,4,5,16,4,15,4,1.0,29,4,14,42,5,41,5,1.0
126,2022-05-20,72,26,46,42,8,22,7,36,11,12,6,19,14,22,17,62,10,58,10,4.0,15,3,8,25,1,24,1,1.0,27,5,14,37,9,34,9,3.0
127,2022-05-21,70,29,41,46,6,18,8,33,9,15,5,17,17,19,17,54,16,51,16,3.0,20,2,7,18,11,16,11,2.0,26,4,11,36,5,35,5,1.0
128,2022-05-23,68,30,38,41,6,21,5,38,4,10,11,19,18,14,17,55,13,52,13,3.0,18,1,11,27,3,26,3,1.0,23,5,10,28,10,26,10,2.0
129,2022-05-24,69,31,38,44,7,18,10,31,8,5,15,24,17,10,18,60,9,54,9,6.0,19,4,8,29,2,25,2,4.0,25,3,10,31,7,29,7,2.0
130,2022-05-25,71,26,45,45,10,16,9,34,12,6,10,20,22,15,14,49,22,46,22,3.0,16,3,7,20,6,18,6,2.0,29,7,9,29,16,28,16,1.0
131,2022-05-26,67,23,44,43,6,18,12,28,12,10,5,15,16,16,20,55,12,52,12,3.0,13,3,7,18,5,17,5,1.0,30,3,11,37,7,35,7,2.0
132,2022-05-27,67,26,41,45,6,16,8,31,12,8,8,17,16,17,17,56,11,52,11,4.0,18,3,5,22,4,21,4,1.0,27,3,11,34,7,31,7,3.0
133,2022-05-28,70,28,42,39,11,20,12,30,14,4,10,17,19,16,18,57,13,53,13,4.0,16,4,8,21,7,19,7,2.0,23,7,12,36,6,34,6,2.0
134,2022-05-30,68,27,41,45,7,16,9,35,9,8,7,10,26,19,13,49,19,45,19,4.0,18,2,7,21,6,19,6,2.0,27,5,9,28,13,26,13,2.0
135,2022-05-31,70,30,40,39,7,24,7,33,7,10,13,16,17,10,27,61,9,56,9,5.0,14,4,12,26,4,25,4,1.0,25,3,12,35,5,31,5,4.0
136,2022-06-01,83,35,48,58,7,18,11,40,10,10,12,29,18,19,17,64,19,60,19,4.0,29,1,5,27,8,25,8,2.0,29,6,13,37,11,35,11,2.0
137,2022-06-02,82,31,51,57,7,18,6,47,9,10,10,14,24,18,26,63,19,55,19,8.0,22,3,6,25,6,23,6,2.0,35,4,12,38,13,32,13,6.0
138,2022-06-03,86,37,49,63,12,11,12,29,14,15,16,18,17,26,25,70,16,67,16,3.0,26,5,6,29,8,28,8,1.0,37,7,5,41,8,39,8,2.0
139,2022-06-04,84,35,49,50,12,22,13,42,8,10,11,15,26,25,18,67,17,56,17,11.0,24,5,6,29,6,25,6,4.0,26,7,16,38,11,31,11,7.0
140,2022-06-06,81,32,49,45,17,19,12,41,10,7,11,20,24,16,21,66,15,60,15,6.0,19,4,9,27,5,23,5,4.0,26,13,10,39,10,37,10,2.0
141,2022-06-07,81,34,47,55,12,14,5,46,7,11,12,27,14,17,23,61,20,54,20,7.0,23,6,5,24,10,21,10,3.0,32,6,9,37,10,33,10,4.0
142,2022-06-08,83,36,47,50,11,22,13,40,16,8,6,27,19,18,19,68,15,64,15,4.0,25,3,8,29,7,27,7,2.0,25,8,14,39,8,37,8,2.0
143,2022-06-09,79,35,44,44,13,22,10,41,7,10,11,23,19,21,16,61,18,51,18,10.0,20,7,8,26,9,22,9,4.0,24,6,14,35,9,29,9,6.0
144,2022-06-10,80,37,43,45,10,25,10,47,7,7,9,20,21,22,17,62,18,60,18,2.0,21,3,13,32,5,31,5,1.0,24,7,12,30,13,29,13,1.0
145,2022-06-11,85,30,55,54,16,15,7,43,14,13,8,24,18,20,23,69,16,64,16,5.0,18,7,5,24,6,21,6,3.0,36,9,10,45,10,43,10,2.0
146,2022-06-13,87,29,58,57,7,23,9,44,8,12,14,15,31,27,14,74,13,67,13,7.0,16,4,9,25,4,24,4,1.0,41,3,14,49,9,43,9,6.0
147,2022-06-14,82,33,49,48,14,20,8,49,11,5,9,15,19,28,20,65,17,61,17,4.0,20,6,7,28,5,27,5,1.0,28,8,13,37,12,34,12,3.0
148,2022-06-15,80,34,46,57,14,9,9,42,9,9,11,22,24,18,16,65,15,60,15,5.0,25,7,2,26,8,23,8,3.0,32,7,7,39,7,37,7,2.0
149,2022-06-16,80,32,48,46,11,23,7,40,10,9,14,21,23,17,19,66,14,58,14,8.0,18,2,12,26,6,23,6,3.0,28,9,11,40,8,35,8,5.0
150,2022-06-17,80,35,45,54,10,16,8,42,12,11,7,14,15,26,25,64,16,58,16,6.0,26,4,5,25,10,23,10,2.0,28,6,11,39,6,35,6,4.0
151,2022-06-18,84,35,49,50,9,25,12,42,7,7,16,23,25,19,17,69,15,60,15,9.0,17,5,13,25,10,22,10,3.0,33,4,12,44,5,38,5,6.0
152,2022-06-20,79,31,48,51,9,19,11,41,3,16,8,18,19,24,18,67,12,59,12,8.0,20,4,7,25,6,22,6,3.0,31,5,12,42,6,37,6,5.0
153,2022-06-21,82,30,52,50,8,24,14,45,7,7,9,19,22,19,22,64,18,60,18,4.0,20,4,6,23,7,21,7,2.0,30,4,18,41,11,39,11,2.0
154,2022-06-22,86,41,45,48,14,24,9,42,14,8,13,19,24,20,23,65,21,59,21,6.0,23,6,12,32,9,29,9,3.0,25,8,12,33,12,30,12,3.0
155,2022-06-23,80,35,45,48,10,22,9,47,9,10,5,22,17,16,25,66,14,60,14,6.0,17,4,14,31,4,27,4,4.0,31,6,8,35,10,33,10,2.0
156,2022-06-24,87,33,54,55,12,20,16,33,17,10,11,14,22,26,25,69,18,64,18,5.0,21,5,7,25,8,22,8,3.0,34,7,13,44,10,42,10,2.0
157,2022-06-25,82,33,49,56,8,18,13,38,5,8,18,18,23,18,23,61,21,58,21,3.0,23,5,5,26,7,24,7,2.0,33,3,13,35,14,34,14,1.0
158,2022-06-27,84,28,56,49,12,23,11,37,11,15,10,24,20,22,18,74,10,69,10,5.0,16,5,7,24,4,24,4,0.0,33,7,16,50,6,45,6,5.0
159,2022-06-28,83,30,53,51,10,22,7,39,13,14,10,22,25,21,15,67,16,61,16,6.0,19,5,6,25,5,25,5,0.0,32,5,16,42,11,36,11,6.0
160,2022-06-29,80,31,49,49,14,17,14,39,10,6,11,22,14,19,25,58,22,54,22,4.0,17,6,8,21,10,20,10,1.0,32,8,9,37,12,34,12,3.0
161,2022-06-30,83,21,62,56,9,18,7,44,15,7,10,23,20,20,20,63,20,59,20,4.0,16,0,5,17,4,16,4,1.0,40,9,13,46,16,43,16,3.0
162,2022-07-01,85,37,48,54,9,22,14,42,12,7,10,24,24,16,21,69,16,61,16,8.0,24,5,8,29,8,26,8,3.0,30,4,14,40,8,35,8,5.0
163,2022-07-02,82,41,41,48,12,22,9,48,7,13,5,23,18,19,22,69,13,65,13,4.0,25,5,11,35,6,33,6,2.0,23,7,11,34,7,32,7,2.0
164,2022-07-04,84,36,48,55,14,15,13,42,12,9,8,19,21,23,21,64,20,58,20,6.0,25,5,6,29,7,26,7,3.0,30,9,9,35,13,32,13,3.0
165,2022-07-05,82,36,46,41,13,28,7,45,13,13,4,24,20,16,22,63,19,56,19,7.0,16,5,15,26,10,22,10,4.0,25,8,13,37,9,34,9,3.0
166,2022-07-06,87,40,47,60,12,15,6,51,8,7,15,26,20,17,24,63,24,56,24,7.0,25,7,8,28,12,24,12,4.0,35,5,7,35,12,32,12,3.0
167,2022-07-07,83,29,54,54,10,19,12,38,9,13,11,18,20,27,18,63,20,55,20,8.0,14,5,10,24,5,21,5,3.0,40,5,9,39,15,34,15,5.0
168,2022-07-08,82,26,56,42,11,29,11,46,8,8,9,20,20,17,25,71,11,69,11,2.0,10,5,11,19,7,19,7,0.0,32,6,18,52,4,50,4,2.0
169,2022-07-09,88,40,48,57,13,18,10,46,13,11,8,23,23,17,25,79,9,74,9,5.0,26,6,8,39,1,39,1,0.0,31,7,10,40,8,35,8,5.0
170,2022-07-11,84,37,47,60,9,15,16,34,9,16,9,22,29,13,20,66,18,63,18,3.0,24,6,7,32,5,31,5,1.0,36,3,8,34,13,32,13,2.0
171,2022-07-12,85,35,50,64,5,16,7,38,16,12,12,16,24,27,18,71,14,66,14,5.0,30,1,4,27,8,23,8,4.0,34,4,12,44,6,43,6,1.0
172,2022-07-13,80,33,47,46,14,20,16,38,12,9,5,21,17,24,18,58,22,55,22,3.0,18,8,7,22,11,22,11,0.0,28,6,13,36,11,33,11,3.0
173,2022-07-14,83,44,39,56,10,17,15,46,5,10,7,18,27,18,20,65,18,60,18,5.0,32,3,9,32,12,31,12,1.0,24,7,8,33,6,29,6,4.0
174,2022-07-15,87,36,51,44,13,30,12,43,14,9,9,26,10,27,24,71,16,63,16,8.0,15,7,14,32,4,28,4,4.0,29,6,16,39,12,35,12,4.0
175,2022-07-16,84,40,44,56,8,20,9,48,11,11,5,24,16,21,23,74,10,71,10,3.0,23,6,11,38,2,37,2,1.0,33,2,9,36,8,34,8,2.0
176,2022-07-18,80,37,43,49,11,20,12,35,8,11,14,23,22,22,13,62,18,56,18,6.0,23,5,9,32,5,27,5,5.0,26,6,11,30,13,29,13,1.0
177,2022-07-19,79,29,50,49,11,19,6,48,9,8,8,23,14,24,18,60,19,53,19,7.0,19,3,7,21,8,18,8,3.0,30,8,12,39,11,35,11,4.0
178,2022-07-20,81,31,50,51,10,20,10,39,8,14,10,19,18,24,20,60,21,55,21,5.0,21,2,8,25,6,22,6,3.0,30,8,12,35,15,33,15,2.0
179,2022-07-21,79,32,47,53,11,15,8,47,5,6,13,19,23,20,17,58,21,54,21,4.0,22,5,5,22,10,21,10,1.0,31,6,10,36,11,33,11,3.0
180,2022-07-22,83,38,45,54,7,22,9,50,6,6,12,18,18,24,23,66,17,61,17,5.0,23,6,9,29,9,27,9,2.0,31,1,13,37,8,34,8,3.0
181,2022-07-23,81,27,54,49,10,22,11,40,8,12,10,17,20,17,27,66,15,60,15,6.0,18,1,8,24,3,22,3,2.0,31,9,14,42,12,38,12,4.0
182,2022-07-25,80,37,43,51,9,20,8,44,10,8,10,20,25,18,17,62,18,54,18,8.0,24,6,7,34,3,29,3,5.0,27,3,13,28,15,25,15,3.0
183,2022-07-26,84,46,38,53,12,19,10,36,17,10,11,20,23,15,26,68,16,63,16,5.0,35,3,8,37,9,32,9,5.0,18,9,11,31,7,31,7,0.0
184,2022-07-27,81,36,45,46,10,25,14,42,8,8,9,23,22,17,19,64,17,59,17,5.0,21,4,11,28,8,26,8,2.0,25,6,14,36,9,33,9,3.0
185,2022-07-28,87,41,46,44,8,35,9,56,10,4,8,24,33,17,13,71,16,65,16,6.0,17,6,18,35,6,34,6,1.0,27,2,17,36,10,31,10,5.0
186,2022-07-29,83,41,42,51,10,22,12,38,13,10,10,15,27,22,19,69,14,65,14,4.0,26,3,12,34,7,33,7,1.0,25,7,10,35,7,32,7,3.0
187,2022-07-30,85,41,44,50,13,22,15,44,8,11,7,20,13,22,30,68,17,66,17,2.0,25,7,9,35,6,34,6,1.0,25,6,13,33,11,32,11,1.0
188,2022-08-01,67,22,45,46,4,17,7,32,8,12,8,16,11,24,16,46,21,40,21,6.0,15,3,4,13,9,11,9,2.0,31,1,13,33,12,29,12,4.0
189,2022-08-02,69,21,48,41,12,16,9,34,7,7,12,17,18,18,16,58,11,54,11,4.0,13,4,4,18,3,17,3,1.0,28,8,12,40,8,37,8,3.0
190,2022-08-03,71,27,44,46,7,18,11,35,11,5,9,23,18,18,12,51,20,44,20,7.0,17,2,8,19,8,15,8,4.0,29,5,10,32,12,29,12,3.0
191,2022-08-04,70,28,42,39,10,21,12,31,10,9,8,19,20,16,15,55,15,50,15,5.0,15,6,7,24,4,21,4,3.0,24,4,14,31,11,29,11,2.0
192,2022-08-05,68,32,36,40,12,16,2,36,5,13,12,18,22,17,11,45,23,43,23,2.0,19,5,8,22,10,20,10,2.0,21,7,8,23,13,23,13,0.0
193,2022-08-06,67,24,43,40,8,19,7,34,9,7,10,24,16,15,12,51,16,48,16,3.0,15,3,6,21,3,21,3,0.0,25,5,13,30,13,27,13,3.0
194,2022-08-08,71,35,36,50,3,18,18,31,7,7,8,17,22,21,11,56,15,52,15,4.0,24,2,9,29,6,25,6,4.0,26,1,9,27,9,27,9,0.0
195,2022-08-09,68,32,36,43,6,19,12,32,9,9,6,21,13,20,14,57,11,53,11,4.0,18,3,11,27,5,24,5,3.0,25,3,8,30,6,29,6,1.0
196,2022-08-10,66,27,39,40,5,21,7,36,5,8,10,12,26,16,12,54,12,53,12,1.0,16,4,7,21,6,20,6,1.0,24,1,14,33,6,33,6,0.0
197,2022-08-11,71,35,36,48,9,14,7,35,6,13,10,13,20,19,19,58,13,53,13,5.0,22,6,7,29,6,27,6,2.0,26,3,7,29,7,26,7,3.0
198,2022-08-12,70,26,44,40,7,23,15,33,3,9,10,10,16,21,23,58,12,56,12,2.0,14,5,7,24,2,23,2,1.0,26,2,16,34,10,33,10,1.0
199,2022-08-13,69,27,42,47,7,15,7,29,8,14,11,16,18,12,23,55,14,51,14,4.0,22,1,4,20,7,18,7,2.0,25,6,11,35,7,33,7,2.0
200,2022-08-15,67,30,37,38,10,19,10,33,12,5,7,17,15,15,20,56,11,55,11,1.0,22,3,5,27,3,26,3,1.0,16,7,14,29,8,29,8,0.0
201,2022-08-16,68,36,32,37,9,22,6,36,6,8,12,21,11,17,19,59,9,57,9,2.0,19,6,11,33,3,31,3,2.0,18,3,11,26,6,26,6,0.0
202,2022-08-17,70,31,39,37,9,24,12,36,8,10,4,24,18,14,14,53,17,50,17,3.0,14,5,12,24,7,22,7,2.0,23,4,12,29,10,28,10,1.0
203,2022-08-18,66,27,39,43,5,18,9,38,3,8,8,20,18,13,15,53,13,51,13,2.0,19,1,7,21,6,21,6,0.0,24,4,11,32,7,30,7,2.0
204,2022-08-19,70,28,42,44,13,13,10,32,11,6,11,17,13,27,13,57,13,51,13,6.0,16,6,6,23,5,22,5,1.0,28,7,7,34,8,29,8,5.0
205,2022-08-20,71,28,43,43,8,20,5,38,8,11,9,20,15,15,21,58,13,49,13,9.0,14,3,11,19,9,16,9,3.0,29,5,9,39,4,33,4,6.0
206,2022-08-22,69,36,33,46,8,15,7,32,9,11,10,17,22,18,12,58,11,52,11,6.0,25,4,7,31,5,28,5,3.0,21,4,8,27,6,24,6,3.0
207,2022-08-23,70,27,43,44,9,17,10,30,11,9,10,19,22,14,15,54,16,49,16,5.0,18,3,6,26,1,23,1,3.0,26,6,11,28,15,26,15,2.0
208,2022-08-24,67,27,40,46,5,16,7,31,5,7,17,15,14,17,21,54,13,52,13,2.0,22,3,2,20,7,19,7,1.0,24,2,14,34,6,33,6,1.0
209,2022-08-25,67,41,26,39,11,17,12,33,14,4,4,15,13,23,16,51,16,50,16,1.0,22,5,14,32,9,31,9,1.0,17,6,3,19,7,19,7,0.0
210,2022-08-26,70,22,48,47,5,18,5,38,10,8,9,14,14,18,24,58,12,46,12,12.0,13,0,9,19,3,15,3,4.0,34,5,9,39,9,31,9,8.0
211,2022-08-27,72,33,39,52,8,12,9,34,11,10,8,13,15,23,21,52,20,46,20,6.0,25,3,5,25,8,22,8,3.0,27,5,7,27,12,24,12,3.0
212,2022-08-29,67,30,37,48,4,15,9,39,5,10,4,25,15,15,12,50,17,48,17,2.0,22,1,7,24,6,23,6,1.0,26,3,8,26,11,25,11,1.0
213,2022-08-30,67,27,40,46,10,11,8,33,13,5,8,24,18,15,10,46,21,41,21,5.0,19,5,3,20,7,19,7,1.0,27,5,8,26,14,22,14,4.0
214,2022-08-31,68,35,33,39,12,17,7,37,7,11,6,19,16,21,12,56,12,51,12,5.0,21,7,7,30,5,27,5,3.0,18,5,10,26,7,24,7,2.0
215,2022-09-01,69,30,39,47,7,15,6,33,13,7,10,17,16,22,14,51,18,47,18,4.0,21,2,7,24,6,22,6,2.0,26,5,8,27,12,25,12,2.0
216,2022-09-02,68,17,51,35,15,18,5,38,7,14,4,19,14,17,18,53,15,48,15,5.0,10,3,4,13,4,10,4,3.0,25,12,14,40,11,38,11,2.0
217,2022-09-03,72,32,40,50,9,13,8,40,10,4,10,20,11,20,21,60,12,55,12,5.0,22,5,5,25,7,23,7,2.0,28,4,8,35,5,32,5,3.0
218,2022-09-05,68,30,38,42,4,22,8,35,7,12,6,14,22,15,17,55,13,51,13,4.0,20,3,7,23,7,21,7,2.0,22,1,15,32,6,30,6,2.0
219,2022-09-06,67,32,35,41,8,18,7,35,9,7,9,23,12,17,15,58,9,49,9,9.0,18,6,8,26,6,23,6,3.0,23,2,10,32,3,26,3,6.0
220,2022-09-07,71,34,37,47,6,18,10,39,9,6,7,24,13,15,19,60,11,59,11,1.0,19,5,10,25,9,24,9,1.0,28,1,8,35,2,35,2,0.0
221,2022-09-08,68,26,42,44,13,11,8,32,13,12,3,14,15,16,23,60,8,57,8,3.0,16,5,5,24,2,24,2,0.0,28,8,6,36,6,33,6,3.0
222,2022-09-09,68,27,41,38,13,17,7,39,10,2,10,12,18,19,19,54,14,52,14,2.0,16,5,6,19,8,19,8,0.0,22,8,11,35,6,33,6,2.0
223,2022-09-10,67,34,33,40,11,16,9,33,10,10,5,12,17,24,14,56,11,51,11,5.0,18,6,10,28,6,25,6,3.0,22,5,6,28,5,26,5,2.0
224,2022-09-12,67,30,37,44,7,16,7,34,8,10,8,17,14,17,19,55,12,50,12,5.0,18,3,9,23,7,20,7,3.0,26,4,7,32,5,30,5,2.0
225,2022-09-13,67,31,36,46,7,14,5,37,7,10,8,25,14,15,13,49,18,47,18,2.0,21,5,5,23,8,22,8,1.0,25,2,9,26,10,25,10,1.0
226,2022-09-14,71,27,44,43,10,18,8,36,13,6,8,16,19,14,22,59,12,54,12,5.0,16,3,8,23,4,21,4,2.0,27,7,10,36,8,33,8,3.0
227,2022-09-15,66,29,37,44,4,18,8,39,6,7,6,18,16,14,18,48,18,43,18,5.0,20,2,7,23,6,23,6,0.0,24,2,11,25,12,20,12,5.0
228,2022-09-16,69,31,38,40,10,19,5,35,16,5,8,21,19,10,19,52,17,49,17,3.0,21,3,7,24,7,24,7,0.0,19,7,12,28,10,25,10,3.0
229,2022-09-17,70,29,41,37,12,21,10,37,9,4,10,17,16,21,16,45,25,44,25,1.0,13,6,10,17,12,17,12,0.0,24,6,11,28,13,27,13,1.0
230,2022-09-19,72,26,46,46,11,15,6,35,11,12,8,14,18,14,26,51,21,51,21,,15,7,4,22,4,22,4,,31,4,11,29,17,29,17,
231,2022-09-20,69,31,38,38,13,18,8,42,7,7,5,17,16,14,22,59,10,55,10,4.0,18,5,8,27,4,25,4,2.0,20,8,10,32,6,30,6,2.0
232,2022-09-21,68,34,34,45,7,16,7,35,7,8,11,11,18,13,26,55,13,54,13,1.0,25,3,6,28,6,27,6,1.0,20,4,10,27,7,27,7,0.0
233,2022-09-22,70,30,40,46,11,13,8,32,8,13,9,17,18,17,18,53,17,50,17,3.0,22,3,5,27,3,26,3,1.0,24,8,8,26,14,24,14,2.0
234,2022-09-23,67,20,47,40,7,20,6,33,12,11,5,15,19,17,16,50,17,46,17,4.0,11,2,7,15,5,14,5,1.0,29,5,13,35,12,32,12,3.0
235,2022-09-24,68,29,39,42,12,14,6,33,10,9,10,20,20,13,15,56,12,53,12,3.0,19,4,6,25,4,25,4,0.0,23,8,8,31,8,28,8,3.0
236,2022-09-26,72,32,40,46,9,17,6,37,8,9,12,17,17,18,20,58,14,55,14,3.0,19,5,8,26,6,25,6,1.0,27,4,9,32,8,30,8,2.0
237,2022-09-27,73,34,39,54,7,12,7,37,10,9,10,18,19,19,17,55,18,53,18,2.0,26,4,4,25,9,23,9,2.0,28,3,8,30,9,30,9,0.0
238,2022-09-28,69,29,40,50,9,10,6,40,6,13,4,15,17,17,20,51,18,47,18,4.0,22,3,4,22,7,19,7,3.0,28,6,6,29,11,28,11,1.0
239,2022-09-29,68,30,38,44,9,15,4,34,10,7,13,9,25,14,20,56,12,51,12,5.0,20,4,6,25,5,23,5,2.0,24,5,9,31,7,28,7,3.0
240,2022-09-30,68,32,36,43,7,18,7,36,11,3,11,11,23,14,20,54,14,47,14,7.0,19,5,8,22,10,19,10,3.0,24,2,10,32,4,28,4,4.0
241,2022-10-01,69,23,46,46,7,16,8,40,8,7,6,17,16,13,23,57,12,53,12,4.0,16,1,6,20,3,18,3,2.0,30,6,10,37,9,35,9,2.0
242,2022-10-03,70,34,36,46,9,15,7,36,13,3,11,17,20,16,17,56,14,51,14,5.0,26,2,6,28,6,26,6,2.0,20,7,9,28,8,25,8,3.0
243,2022-10-04,67,21,46,43,9,15,14,27,7,6,13,19,16,19,13,52,15,46,15,6.0,12,3,6,17,4,14,4,3.0,31,6,9,35,11,32,11,3.0
244,2022-10-05,73,27,46,44,15,14,7,41,4,6,15,23,13,20,17,65,8,56,8,9.0,15,6,6,25,2,23,2,2.0,29,9,8,40,6,33,6,7.0
245,2022-10-06,68,30,38,44,9,15,7,34,10,7,10,19,18,15,16,57,11,53,11,4.0,21,4,5,26,4,22,4,4.0,23,5,10,31,7,31,7,0.0
246,2022-10-07,70,20,50,42,10,18,9,39,7,9,6,18,18,19,15,53,17,48,17,5.0,15,3,2,15,5,13,5,2.0,27,7,16,38,12,35,12,3.0
247,2022-10-08,68,28,40,47,7,14,7,31,13,7,10,16,10,19,23,50,18,47,18,3.0,20,2,6,26,2,24,2,2.0,27,5,8,24,16,23,16,1.0
248,2022-10-10,69,35,34,46,7,16,10,38,9,6,6,16,20,17,16,54,15,49,15,5.0,24,3,8,24,11,20,11,4.0,22,4,8,30,4,29,4,1.0
249,2022-10-11,72,33,39,47,8,17,6,33,12,10,11,16,14,20,22,60,12,49,12,11.0,22,3,8,26,7,19,7,7.0,25,5,9,34,5,30,5,4.0
250,2022-10-12,69,35,34,45,6,18,9,35,7,9,9,20,20,12,17,43,26,39,26,4.0,22,5,8,24,11,21,11,3.0,23,1,10,19,15,18,15,1.0
251,2022-10-13,68,27,41,43,10,15,6,37,7,8,10,19,21,14,14,52,16,46,16,6.0,17,5,5,20,7,17,7,3.0,26,5,10,32,9,29,9,3.0
252,2022-10-14,71,31,40,48,7,16,10,33,7,11,10,23,19,12,17,53,18,50,18,3.0,22,4,5,24,7,24,7,0.0,26,3,11,29,11,26,11,3.0
253,2022-10-15,70,28,42,34,19,17,7,34,10,9,10,16,18,16,20,56,14,50,14,6.0,9,7,12,21,7,18,7,3.0,25,12,5,35,7,32,7,3.0
254,2022-10-17,69,30,39,40,14,15,10,29,8,11,11,14,12,20,23,56,13,55,13,1.0,15,7,8,24,6,24,6,0.0,25,7,7,32,7,31,7,1.0
255,2022-10-18,66,27,39,40,8,18,12,27,11,7,9,17,17,12,20,55,11,52,11,3.0,15,4,8,21,6,21,6,0.0,25,4,10,34,5,31,5,3.0
256,2022-10-19,67,23,44,44,5,18,4,41,8,6,8,17,12,21,17,50,17,46,17,4.0,16,2,5,16,7,15,7,1.0,28,3,13,34,10,31,10,3.0
257,2022-10-20,70,33,37,35,10,25,4,37,9,13,7,15,22,16,17,65,5,61,5,4.0,20,3,10,30,3,27,3,3.0,15,7,15,35,2,34,2,1.0
258,2022-10-21,71,34,37,44,9,18,8,38,9,7,9,14,11,25,21,51,20,51,20,,21,5,8,26,8,26,8,,23,4,10,25,12,25,12,
259,2022-10-22,71,38,33,44,10,17,5,31,12,11,12,24,15,18,14,58,13,53,13,5.0,23,6,9,33,5,30,5,3.0,21,4,8,25,8,23,8,2.0
260,2022-10-24,70,31,39,45,10,15,8,34,8,15,5,12,12,23,23,57,13,50,13,7.0,18,4,9,27,4,25,4,2.0,27,6,6,30,9,25,9,5.0
261,2022-10-25,71,31,40,35,10,26,7,34,14,6,10,18,21,18,14,55,16,51,16,4.0,16,6,9,25,6,21,6,4.0,19,4,17,30,10,30,10,0.0
262,2022-10-26,68,36,32,40,11,17,11,30,9,10,8,14,18,18,18,52,16,47,16,5.0,22,4,10,30,6,28,6,2.0,18,7,7,22,10,19,10,3.0
263,2022-10-27,71,34,37,43,13,15,11,31,10,11,8,19,15,23,14,63,8,59,8,4.0,20,6,8,30,4,29,4,1.0,23,7,7,33,4,30,4,3.0
264,2022-10-28,68,31,37,46,7,15,9,32,11,9,7,16,17,18,17,54,14,47,14,7.0,20,4,7,25,6,21,6,4.0,26,3,8,29,8,26,8,3.0
265,2022-10-29,66,31,35,36,11,19,14,27,5,11,9,16,18,15,17,52,14,46,14,6.0,14,8,9,24,7,19,7,5.0,22,3,10,28,7,27,7,1.0
266,2022-10-31,67,33,34,40,8,19,10,29,8,12,8,17,17,17,16,54,13,49,13,5.0,21,5,7,24,9,23,9,1.0,19,3,12,30,4,26,4,4.0
267,2022-11-01,66,22,44,36,8,22,7,37,6,9,7,22,16,18,10,52,14,44,14,8.0,13,1,8,19,3,15,3,4.0,23,7,14,33,11,29,11,4.0
268,2022-11-02,67,32,35,45,5,17,2,32,14,8,11,9,22,17,19,55,12,50,12,5.0,22,2,8,25,7,21,7,4.0,23,3,9,30,5,29,5,1.0
269,2022-11-03,71,29,42,39,13,19,8,31,9,14,9,21,18,14,18,56,15,52,15,4.0,16,5,8,23,6,22,6,1.0,23,8,11,33,9,30,9,3.0
270,2022-11-04,69,25,44,41,11,17,7,36,12,8,6,19,18,15,17,56,13,52,13,4.0,16,3,6,21,4,19,4,2.0,25,8,11,35,9,33,9,2.0
271,2022-11-05,70,24,46,35,8,27,9,34,11,4,12,21,18,16,15,50,20,43,20,7.0,11,2,11,14,10,11,10,3.0,24,6,16,36,10,32,10,4.0
272,2022-11-07,72,23,49,47,12,13,5,36,10,7,14,12,26,18,16,57,15,50,15,7.0,16,2,5,18,5,16,5,2.0,31,10,8,39,10,34,10,5.0
273,2022-11-08,68,28,40,37,9,22,12,35,6,5,10,20,18,16,14,54,14,48,14,6.0,14,4,10,22,6,20,6,2.0,23,5,12,32,8,28,8,4.0
274,2022-11-09,69,26,43,38,11,20,11,31,6,8,13,18,14,15,22,52,17,44,17,8.0,12,5,9,20,6,17,6,3.0,26,6,11,32,11,27,11,5.0
275,2022-11-10,69,35,34,35,9,25,12,27,13,6,11,17,20,13,19,65,4,58,4,7.0,17,6,12,35,0,31,0,4.0,18,3,13,30,4,27,4,3.0
276,2022-11-11,70,26,44,46,11,13,7,39,6,10,8,21,18,19,12,50,20,44,20,6.0,21,2,3,21,5,18,5,3.0,25,9,10,29,15,26,15,3.0
277,2022-11-12,66,31,35,35,11,20,4,40,10,5,7,17,15,19,15,55,11,52,11,3.0,13,4,14,27,4,26,4,1.0,22,7,6,28,7,26,7,2.0
278,2022-11-14,67,30,37,46,9,12,6,28,12,12,9,16,12,18,21,52,15,48,15,4.0,22,4,4,26,4,23,4,3.0,24,5,8,26,11,25,11,1.0
279,2022-11-15,72,28,44,37,9,26,10,37,7,12,6,15,18,24,15,59,13,52,13,7.0,14,0,14,24,4,22,4,2.0,23,9,12,35,9,30,9,5.0
280,2022-11-16,68,29,39,38,11,19,6,38,6,10,8,20,20,16,12,51,17,46,17,5.0,14,7,8,21,8,18,8,3.0,24,4,11,30,9,28,9,2.0
281,2022-11-17,67,27,40,42,6,19,6,44,6,7,4,18,16,25,8,54,13,46,13,8.0,20,1,6,22,5,20,5,2.0,22,5,13,32,8,26,8,6.0
282,2022-11-18,67,25,42,41,12,14,5,34,12,4,12,17,19,10,21,53,14,48,14,5.0,16,3,6,19,6,18,6,1.0,25,9,8,34,8,30,8,4.0
283,2022-11-19,70,27,43,44,12,14,10,36,8,8,8,16,19,15,20,57,13,54,13,3.0,17,3,7,25,2,24,2,1.0,27,9,7,32,11,30,11,2.0
284,2022-11-21,67,34,33,34,14,19,9,37,8,9,4,13,21,12,21,52,15,46,15,6.0,14,9,11,23,11,20,11,3.0,20,5,8,29,4,26,4,3.0
285,2022-11-22,69,37,32,42,12,15,12,30,6,9,12,11,20,20,18,55,14,50,14,5.0,24,7,6,31,6,27,6,4.0,18,5,9,24,8,23,8,1.0
286,2022-11-23,70,31,39,44,6,20,12,33,11,7,7,15,20,13,22,52,18,49,18,3.0,18,2,11,23,8,22,8,1.0,26,4,9,29,10,27,10,2.0
287,2022-11-24,69,34,35,38,8,23,6,34,10,7,12,13,15,21,20,52,17,45,17,7.0,20,3,11,25,9,24,9,1.0,18,5,12,27,8,21,8,6.0
288,2022-11-25,70,30,40,41,12,17,11,44,3,8,4,23,10,15,22,52,18,48,18,4.0,19,5,6,22,8,20,8,2.0,22,7,11,30,10,28,10,2.0
289,2022-11-26,68,37,31,50,5,13,10,35,8,8,7,17,18,20,13,50,18,46,18,4.0,26,3,8,24,13,22,13,2.0,24,2,5,26,5,24,5,2.0
290,2022-11-28,72,33,39,38,15,19,11,30,14,7,10,22,18,13,19,56,16,50,16,6.0,15,8,10,24,9,22,9,2.0,23,7,9,32,7,28,7,4.0
291,2022-11-29,69,29,40,40,10,19,10,30,9,8,12,21,20,14,14,57,12,53,12,4.0,18,4,7,24,5,24,5,0.0,22,6,12,33,7,29,7,4.0
292,2022-11-30,69,18,51,49,6,14,14,38,7,6,4,18,20,17,14,50,19,46,19,4.0,13,2,3,12,6,12,6,0.0,36,4,11,38,13,34,13,4.0
293,2022-12-01,56,22,34,41,4,11,13,25,7,5,6,18,14,15,9,47,9,43,9,4.0,15,2,5,17,5,16,5,1.0,26,2,6,30,4,27,4,3.0
294,2022-12-02,53,16,37,33,11,9,5,27,6,6,9,15,12,8,18,45,8,39,8,6.0,10,3,3,15,1,12,1,3.0,23,8,6,30,7,27,7,3.0
295,2022-12-03,56,32,24,37,9,10,6,31,8,6,5,16,11,17,12,44,12,40,12,4.0,23,5,4,25,7,23,7,2.0,14,4,6,19,5,17,5,2.0
296,2022-12-05,55,16,39,36,7,12,4,34,8,7,2,16,14,14,11,48,7,41,7,7.0,12,0,4,14,2,12,2,2.0,24,7,8,34,5,29,5,5.0
297,2022-12-06,54,22,32,33,9,12,8,26,6,6,8,14,15,8,17,42,12,39,12,3.0,14,3,5,17,5,16,5,1.0,19,6,7,25,7,23,7,2.0
298,2022-12-07,55,24,31,35,10,10,1,30,11,6,7,12,17,14,12,40,15,38,15,2.0,16,5,3,16,8,15,8,1.0,19,5,7,24,7,23,7,1.0
299,2022-12-08,53,20,33,38,5,10,9,29,8,3,4,13,11,12,17,39,14,37,14,2.0,15,0,5,18,2,17,2,1.0,23,5,5,21,12,20,12,1.0
300,2022-12-09,56,22,34,34,9,13,9,22,12,6,7,19,7,13,17,43,13,39,13,4.0,14,5,3,18,4,16,4,2.0,20,4,10,25,9,23,9,2.0
301,2022-12-10,56,26,30,35,6,15,8,23,8,8,9,14,12,16,14,41,15,38,15,3.0,14,4,8,18,8,15,8,3.0,21,2,7,23,7,23,7,0.0
302,2022-12-12,54,30,24,33,9,12,9,25,4,7,9,15,15,9,15,42,12,41,12,1.0,18,3,9,24,6,24,6,0.0,15,6,3,18,6,17,6,1.0
303,2022-12-13,57,22,35,38,5,14,7,36,5,3,6,19,12,17,9,45,12,41,12,4.0,13,2,7,17,5,15,5,2.0,25,3,7,28,7,26,7,2.0
304,2022-12-14,54,28,26,28,6,20,8,23,5,9,9,12,13,14,15,38,16,35,16,3.0,14,3,11,18,10,16,10,2.0,14,3,9,20,6,19,6,1.0
305,2022-12-15,58,20,38,36,10,12,9,30,5,11,3,16,19,14,9,44,14,40,14,4.0,10,4,6,15,5,14,5,1.0,26,6,6,29,9,26,9,3.0
306,2022-12-16,56,26,30,37,8,11,7,25,10,8,6,19,11,13,13,43,13,40,13,3.0,16,3,7,20,6,19,6,1.0,21,5,4,23,7,21,7,2.0
307,2022-12-17,56,27,29,38,3,15,7,30,7,9,3,19,13,14,10,42,14,39,14,3.0,17,2,8,18,9,15,9,3.0,21,1,7,24,5,24,5,0.0
308,2022-12-19,54,26,28,30,4,20,4,24,8,7,11,12,13,18,11,39,15,36,15,3.0,16,1,9,19,7,17,7,2.0,14,3,11,20,8,19,8,1.0
309,2022-12-20,58,28,30,32,7,19,2,30,8,8,10,9,17,16,16,47,11,44,11,3.0,18,3,7,20,8,18,8,2.0,14,4,12,27,3,26,3,1.0
310,2022-12-21,58,29,29,41,6,11,12,24,7,5,10,11,13,15,19,48,10,44,10,4.0,20,1,8,23,6,20,6,3.0,21,5,3,25,4,24,4,1.0
311,2022-12-22,54,25,29,36,3,15,5,27,10,8,4,22,9,12,11,40,14,38,14,2.0,19,0,6,20,5,20,5,0.0,17,3,9,20,9,18,9,2.0
312,2022-12-23,53,20,33,33,6,14,10,28,4,7,4,13,13,16,11,45,8,37,8,8.0,14,1,5,17,3,13,3,4.0,19,5,9,28,5,24,5,4.0
313,2022-12-24,56,24,32,35,3,18,9,25,9,10,3,13,16,8,19,43,13,40,13,3.0,13,2,9,15,9,14,9,1.0,22,1,9,28,4,26,4,2.0
314,2022-12-26,55,21,34,33,8,14,7,28,8,9,3,14,15,11,15,42,13,35,13,7.0,11,5,5,16,5,14,5,2.0,22,3,9,26,8,21,8,5.0
315,2022-12-27,57,21,36,37,7,13,7,27,8,7,8,12,18,11,16,46,11,45,11,1.0,12,2,7,16,5,16,5,0.0,25,5,6,30,6,29,6,1.0
316,2022-12-28,55,21,34,36,8,11,9,24,10,4,8,15,19,12,9,41,14,39,14,2.0,17,2,2,18,3,17,3,1.0,19,6,9,23,11,22,11,1.0
317,2022-12-29,55,19,36,35,7,13,8,30,5,7,5,11,17,14,13,44,11,43,11,1.0,15,2,2,12,7,12,7,0.0,20,5,11,32,4,31,4,1.0
318,2022-12-30,58,27,31,35,7,16,9,27,10,4,8,21,9,15,13,44,14,42,14,2.0,11,4,12,19,8,19,8,0.0,24,3,4,25,6,23,6,2.0
319,2022-12-31,55,22,33,33,7,15,8,30,7,6,4,13,17,7,18,41,14,36,14,5.0,11,4,7,15,7,11,7,4.0,22,3,8,26,7,25,7,1.0
320,2023-01-02,80,36,44,48,11,21,12,32,12,17,7,24,19,22,15,69,11,64,11,5.0,24,5,7,29,7,29,7,0.0,24,6,14,40,4,35,4,5.0
321,2023-01-03,81,45,36,54,9,18,6,41,10,13,11,12,26,19,24,63,18,57,18,6.0,31,4,10,37,8,34,8,3.0,23,5,8,26,10,23,10,3.0
322,2023-01-04,87,37,50,57,11,19,14,42,14,6,11,28,14,26,19,66,21,60,21,6.0,19,7,11,30,7,28,7,2.0,38,4,8,36,14,32,14,4.0
323,2023-01-05,82,34,48,56,12,14,14,37,11,8,12,22,22,20,18,63,19,60,19,3.0,24,4,6,29,5,27,5,2.0,32,8,8,34,14,33,14,1.0
324,2023-01-06,84,32,52,55,6,23,14,34,11,16,9,11,27,24,22,67,17,62,17,5.0,19,3,10,28,4,27,4,1.0,36,3,13,39,13,35,13,4.0
325,2023-01-07,82,41,41,53,7,22,10,39,11,8,14,25,22,16,19,59,23,53,23,6.0,26,4,11,31,10,28,10,3.0,27,3,11,28,13,25,13,3.0
326,2023-01-09,80,34,46,54,9,17,9,44,9,10,8,25,18,14,23,67,13,65,13,2.0,24,3,7,30,4,28,4,2.0,30,6,10,37,9,37,9,0.0
327,2023-01-10,85,39,46,44,15,26,11,38,12,15,9,24,27,23,11,70,15,64,15,6.0,19,7,13,35,4,33,4,2.0,25,8,13,35,11,31,11,4.0
328,2023-01-11,81,36,45,50,10,21,13,40,7,9,12,25,18,24,14,66,15,61,15,5.0,25,5,6,28,8,26,8,2.0,25,5,15,38,7,35,7,3.0
329,2023-01-12,86,40,46,57,10,19,10,43,10,13,10,26,21,26,13,73,13,67,13,6.0,26,6,8,35,5,32,5,3.0,31,4,11,38,8,35,8,3.0
330,2023-01-13,83,45,38,49,16,18,12,41,10,13,7,22,16,21,24,68,15,63,15,5.0,21,13,11,38,7,34,7,4.0,28,3,7,30,8,29,8,1.0
331,2023-01-14,80,27,53,52,11,17,8,47,7,11,7,26,28,10,16,57,23,52,23,5.0,21,1,5,20,7,20,7,0.0,31,10,12,37,16,32,16,5.0
